1988	76715750,40
1989	55004777,59
1990	56795518,38
1991	68352853,27
1992	65029677,94
1993	60617326,75
1994	62784489,52
1995	70255083,23
1996	68684588,27
1997	67805220,18
1998	65364024,11
1999	63938151,10
2000	76639826,75
2001	74850389,27
2002	78962985,93
2003	89061456,39
2004	106485241,87
2005	118289697,94
2006	135887783,89
2007	160591392,84
2008	187554498,14
2009	147402665,42
2010	179298525,68
2011	215597407,39
2012	210357793,29
2013	217916801,26
2014	220699430,39
2015	190875337,89
2016	180273088,79
